000000003 0 0 030D6BBA8
000000123 11 2 030D6BBA3
000000238 7 1 030D42BA9
000000378 2 1 030D64B88
000000456 5 2 030D55B8E
000000512 8 0 125CAABA9
000000666 3 1 25E87FB85
000000781 10 1 391BB8B91
000000834 9 2 018B4EBBA
000010955 6 2 16C7C83BE
000011022 1 1 3BD6A5FB3
000011187 4 1 05358F7B1
000011200 3 2 181F303A7
000011384 11 0 1D472E528
000011434 6 1 300010E39
000011577 8 1 0DCA26C34
000011643 7 2 22B46333F
000011788 0 1 19E8BF729
000021806 10 0 096915704
000022023 5 1 09691C73D
000022199 2 1 1E2AECCA2
000022341 9 1 03E828E53
000022488 4 2 21BB81889
000022601 1 0 35750C884
000022764 10 1 0B07EC635
000022902 2 2 0B07C5624
000023000 7 1 27F5BC636
000034243 5 0 1A17173B7
000037853 11 2 1A17263AF
000038110 1 1 3359A93B9
000039456 4 1 133F95CBD
000040000 8 2 2CE0754AA
000041576 6 2 0C831C4B9
000042743 0 1 0C830B480
000045555 3 0 04E0D0233
000047236 9 2 294BEDA0D