0000000000000004 0        ACT0      7         2         c35       
0000000000000006 0        ACT1      7         2         c35       
0000000000000084 0        RD0       7         2         2b        
0000000000000086 0        RD1       7         2         2b        
0000000000000158 0        PRE       7         2         

0000000000000236 0        ACT0      7         2         c35       
0000000000000238 0        ACT1      7         2         c35       
0000000000000316 0        RD0       7         2         2b        
0000000000000318 0        RD1       7         2         2b        
0000000000000390 0        PRE       7         2         

0000000000000468 0        ACT0      7         2         c35       
0000000000000470 0        ACT1      7         2         c35       
0000000000000548 0        WR0       7         2         2         
0000000000000550 0        WR1       7         2         2         
0000000000000622 0        PRE       7         2         

0000000000000700 0        ACT0      7         2         c35       
0000000000000702 0        ACT1      7         2         c35       
0000000000000780 0        WR0       7         2         24        
0000000000000782 0        WR1       7         2         24        
0000000000000854 0        PRE       7         2         

0000000000000932 0        ACT0      7         2         c35       
0000000000000934 0        ACT1      7         2         c35       
0000000000001012 0        RD0       7         2         15        
0000000000001014 0        RD1       7         2         15        
0000000000001086 0        PRE       7         2         

0000000000001164 0        ACT0      7         2         4972      
0000000000001166 0        ACT1      7         2         4972      
0000000000001244 0        RD0       7         2         2a        
0000000000001246 0        RD1       7         2         2a        
0000000000001318 0        PRE       7         2         

0000000000001396 0        ACT0      7         2         97a1      
0000000000001398 0        ACT1      7         2         97a1      
0000000000001476 0        WR0       7         2         3f        
0000000000001478 0        WR1       7         2         3f        
0000000000001550 0        PRE       7         2         

0000000000001628 0        ACT0      7         2         e46e      
0000000000001630 0        ACT1      7         2         e46e      
0000000000001708 0        WR0       7         2         38        
0000000000001710 0        WR1       7         2         38        
0000000000001782 0        PRE       7         2         

0000000000001860 0        ACT0      7         2         62d       
0000000000001862 0        ACT1      7         2         62d       
0000000000001940 0        RD0       7         2         e         
0000000000001942 0        RD1       7         2         e         
0000000000002014 0        PRE       7         2         

0000000000010956 0        ACT0      7         0         5b1f      
0000000000010958 0        ACT1      7         0         5b1f      
0000000000011036 0        RD0       7         0         8         
0000000000011038 0        RD1       7         0         8         
0000000000011110 0        PRE       7         0         

0000000000011112 0        ACT0      7         3         ef5a      
0000000000011114 0        ACT1      7         3         ef5a      
0000000000011192 0        WR0       7         3         25        
0000000000011194 0        WR1       7         3         25        
0000000000011266 0        PRE       7         3         

0000000000011268 0        ACT0      7         1         14d6      
0000000000011270 0        ACT1      7         1         14d6      
0000000000011348 0        WR0       7         1         f         
0000000000011350 0        WR1       7         1         f         
0000000000011422 0        PRE       7         1         

0000000000011424 0        ACT0      7         0         607c      
0000000000011426 0        ACT1      7         0         607c      
0000000000011504 0        RD0       7         0         30        
0000000000011506 0        RD1       7         0         30        
0000000000011578 0        PRE       7         0         

0000000000011580 0        ACT0      2         1         751c      
0000000000011582 0        ACT1      2         1         751c      
0000000000011660 0        RD0       2         1         2e        
0000000000011662 0        RD1       2         1         2e        
0000000000011734 0        PRE       2         1         

0000000000011736 0        ACT0      4         3         c000      
0000000000011738 0        ACT1      4         3         c000      
0000000000011816 0        WR0       4         3         10        
0000000000011818 0        WR1       4         3         10        
0000000000011890 0        PRE       4         3         

0000000000011892 0        ACT0      0         3         3728      
0000000000011894 0        ACT1      0         3         3728      
0000000000011972 0        WR0       0         3         26        
0000000000011974 0        WR1       0         3         26        
0000000000012046 0        PRE       0         3         

0000000000012048 0        ACT0      6         0         8ad1      
0000000000012050 0        ACT1      6         0         8ad1      
0000000000012128 0        RD0       6         0         23        
0000000000012130 0        RD1       6         0         23        
0000000000012202 0        PRE       6         0         

0000000000012204 0        ACT0      6         1         67a2      
0000000000012206 0        ACT1      6         1         67a2      
0000000000012284 0        WR0       6         1         3f        
0000000000012286 0        WR1       6         1         3f        
0000000000012358 0        PRE       6         1         

0000000000021808 0        ACT0      6         1         25a4      
0000000000021810 0        ACT1      6         1         25a4      
0000000000021888 0        RD0       6         1         15        
0000000000021890 0        RD1       6         1         15        
0000000000021962 0        PRE       6         1         

0000000000022040 0        ACT0      6         1         25a4      
0000000000022042 0        ACT1      6         1         25a4      
0000000000022120 0        WR0       6         1         1c        
0000000000022122 0        WR1       6         1         1c        
0000000000022194 0        PRE       6         1         

0000000000022200 0        ACT0      1         3         78ab      
0000000000022202 0        ACT1      1         3         78ab      
0000000000022280 0        WR0       1         3         2c        
0000000000022282 0        WR1       1         3         2c        
0000000000022354 0        PRE       1         3         

0000000000022356 0        ACT0      4         3         fa0       
0000000000022358 0        ACT1      4         3         fa0       
0000000000022436 0        WR0       4         3         28        
0000000000022438 0        WR1       4         3         28        
0000000000022510 0        PRE       4         3         

0000000000022512 0        ACT0      1         2         86ee      
0000000000022514 0        ACT1      1         2         86ee      
0000000000022592 0        RD0       1         2         1         
0000000000022594 0        RD1       1         2         1         
0000000000022666 0        PRE       1         2         

0000000000022744 0        ACT0      1         2         d5d4      
0000000000022746 0        ACT1      1         2         d5d4      
0000000000022824 0        RD0       1         2         c         
0000000000022826 0        RD1       1         2         c         
0000000000022898 0        PRE       1         2         

0000000000022900 0        ACT0      4         1         2c1f      
0000000000022902 0        ACT1      4         1         2c1f      
0000000000022980 0        WR0       4         1         2c        
0000000000022982 0        WR1       4         1         2c        
0000000000023054 0        PRE       4         1         

0000000000023132 0        ACT0      4         1         2c1f      
0000000000023134 0        ACT1      4         1         2c1f      
0000000000023212 0        RD0       4         1         5         
0000000000023214 0        RD1       4         1         5         
0000000000023286 0        PRE       4         1         

0000000000023364 0        ACT0      4         1         9fd6      
0000000000023366 0        ACT1      4         1         9fd6      
0000000000023444 0        WR0       4         1         3c        
0000000000023446 0        WR1       4         1         3c        
0000000000023518 0        PRE       4         1         

0000000000034244 0        ACT0      7         0         685c      
0000000000034246 0        ACT1      7         0         685c      
0000000000034324 0        RD0       7         0         17        
0000000000034326 0        RD1       7         0         17        
0000000000034398 0        PRE       7         0         

0000000000037854 0        ACT0      7         0         685c      
0000000000037856 0        ACT1      7         0         685c      
0000000000037934 0        RD0       7         0         26        
0000000000037936 0        RD1       7         0         26        
0000000000038008 0        PRE       7         0         

0000000000038112 0        ACT0      7         0         cd66      
0000000000038114 0        ACT1      7         0         cd66      
0000000000038192 0        WR0       7         0         29        
0000000000038194 0        WR1       7         0         29        
0000000000038266 0        PRE       7         0         

0000000000039458 0        ACT0      1         3         4cfe      
0000000000039460 0        ACT1      1         3         4cfe      
0000000000039538 0        WR0       1         3         15        
0000000000039540 0        WR1       1         3         15        
0000000000039612 0        PRE       1         3         

0000000000040002 0        ACT0      1         1         b381      
0000000000040004 0        ACT1      1         1         b381      
0000000000040082 0        RD0       1         1         35        
0000000000040084 0        RD1       1         1         35        
0000000000040156 0        PRE       1         1         

0000000000041578 0        ACT0      1         1         320c      
0000000000041580 0        ACT1      1         1         320c      
0000000000041658 0        RD0       1         1         1c        
0000000000041660 0        RD1       1         1         1c        
0000000000041732 0        PRE       1         1         

0000000000042744 0        ACT0      1         1         320c      
0000000000042746 0        ACT1      1         1         320c      
0000000000042824 0        WR0       1         1         b         
0000000000042826 0        WR1       1         1         b         
0000000000042898 0        PRE       1         1         

0000000000045556 0        ACT0      4         0         1383      
0000000000045558 0        ACT1      4         0         1383      
0000000000045636 0        RD0       4         0         10        
0000000000045638 0        RD1       4         0         10        
0000000000045710 0        PRE       4         0         

0000000000047238 0        ACT0      4         2         a52f      
0000000000047240 0        ACT1      4         2         a52f      
0000000000047318 0        RD0       4         2         2d        
0000000000047320 0        RD1       4         2         2d        
0000000000047392 0        PRE       4         2         

